1
1000
16
34
36
17
3
23
2
37
13
25
38
16
18
6
37
12
19
33
0
24
10
31
33
34
3
3
38
18
6
18
10
9
8
37
14
37
2
1
7
34
17
12
25
30
20
5
18
1
13
0
9
14
22
38
28
35
21
29
17
1
34
25
36
24
13
38
32
27
12
17
1
11
34
26
29
26
20
24
27
39
20
25
3
25
0
20
21
17
14
14
38
16
6
13
14
2
1
19
4
6
7
3
34
36
12
33
37
10
28
9
21
34
30
32
27
35
13
6
16
2
25
16
10
4
37
33
25
3
17
16
24
36
15
34
15
33
27
5
6
23
19
6
12
30
6
39
4
0
17
33
9
32
4
1
8
1
4
2
4
24
25
32
8
23
31
12
20
6
34
33
26
24
19
1
3
8
0
4
11
38
31
15
11
17
34
37
5
18
30
21
33
3
5
15
38
3
4
28
37
24
15
33
7
15
9
31
23
10
7
11
34
30
12
37
27
32
31
7
3
36
8
12
37
2
2
34
32
38
33
5
22
1
37
26
17
17
16
36
36
2
1
31
7
7
19
15
37
18
7
11
8
35
37
28
28
32
10
20
33
33
11
5
2
39
16
31
10
33
20
5
38
3
9
20
6
19
8
9
29
25
38
30
39
2
18
25
2
9
26
1
37
35
38
38
14
29
28
28
0
12
10
27
9
1
3
23
25
39
0
39
14
26
32
11
13
30
18
23
35
33
15
6
1
38
13
37
22
39
29
22
22
22
14
29
32
16
27
3
14
31
15
4
5
18
33
23
28
19
2
10
2
29
3
23
16
23
36
6
5
1
7
32
24
27
3
22
16
13
29
28
8
22
24
38
22
36
5
5
34
28
6
37
4
39
28
14
38
10
24
21
17
32
30
15
11
22
6
34
29
18
37
23
35
33
0
7
21
4
0
25
27
38
9
6
21
29
4
18
0
10
37
22
28
22
22
38
18
27
10
36
27
21
39
24
4
19
2
21
14
6
38
16
33
37
7
23
9
1
1
4
0
36
38
37
19
9
36
10
33
32
20
34
30
33
39
17
38
26
11
18
28
30
35
5
2
36
5
22
35
33
5
10
36
19
15
14
34
36
34
14
5
15
31
30
17
18
9
1
37
7
14
27
20
1
11
21
9
0
31
29
16
33
38
39
24
12
5
21
12
19
37
6
16
13
0
13
17
20
33
17
13
1
32
13
10
1
3
35
27
36
0
33
20
11
6
32
38
35
36
37
30
34
33
39
8
21
3
20
18
11
3
23
11
26
13
10
34
36
13
3
2
5
13
39
19
4
11
32
36
12
31
20
36
6
18
4
17
36
3
29
16
12
11
30
2
39
0
31
39
29
30
2
4
31
25
17
8
9
16
36
5
2
3
12
18
25
29
17
21
22
4
37
30
26
37
11
38
19
37
7
14
0
11
20
21
30
9
4
17
29
8
39
14
34
27
19
36
1
12
3
18
30
27
16
9
24
37
33
28
27
17
0
3
33
22
35
23
13
0
27
24
27
9
37
10
7
28
19
37
33
36
6
12
1
36
33
21
28
8
21
39
19
24
13
18
5
4
21
32
1
27
28
2
18
38
3
5
22
25
17
3
5
34
28
29
19
18
38
14
9
16
34
19
39
29
9
15
38
2
6
19
29
5
18
10
3
11
36
27
19
31
1
8
33
32
20
3
39
9
2
8
20
34
20
37
10
28
18
5
2
2
9
36
14
11
32
14
35
19
37
1
25
1
15
8
25
20
23
1
18
30
24
6
15
11
32
31
33
34
10
17
36
18
10
32
24
24
28
8
39
4
17
33
29
36
15
25
17
16
35
27
7
29
38
29
16
37
9
39
7
3
31
7
32
28
6
10
15
25
32
37
33
1
12
18
35
20
4
29
38
2
20
22
28
9
30
9
34
21
28
25
25
34
3
27
18
22
8
14
30
1
18
1
31
22
3
5
7
3
36
25
19
4
28
13
3
39
21
22
9
24
28
15
11
20
27
33
6
2
4
25
1
29
36
23
20
39
33
0
28
24
10
33
20
12
10
20
24
10
8
23
9
32
5
15
16
4
19
4
17
38
15
38
30
33
19
37
20
24
11
30
14
21
25
33
13
28
23
15
1
7
17
17
6
35
4
4
5
31
7
17
38
4
36
9
31
16
19
5
4
1
20
12
10
20
24
10
8
23
9
32
5
15
16
4
19
4
17
38
15
38
30
33
19
37
20
24
11
30
14
21
25
33
13
28
23
15
34
23
12